0
5
15
30
38
47
62
69
97
99
115
130
134
139
150
173
197
208
228
231
233
243
251
274
280
287
297
303
314
321
323
326
328
333
337
344
355
368
378
388
392
396
399
403
416
437
443
454
457
468
472
475
491
496
517
534
540
545
566
577
599
608
631
651
658
672
689
702
712
719
731
739
754
769
772
777
782
787
796
816
832
833
844
847
858
870
888
897
899
911
925
930
932
935
956
961
980
991
996
1012
1019
1027
1033
1037
1039
1043
1045
1057
1070
1075
1094
1101
1112
1134
1153
1160
1171
1176
1205
1212
1216
1233
1238
1252
1269
1276
1286
1296
1300
1315
1338
1344
1347
1351
1360
1380
1382
1389
1391
1408
1417
1433
1444
1458
1468
1475
1483
1513
1526
1528
1542
1555
1558
1570
1579
1581
1587
1593
1597
1600
1613
1620
1628
1631
1639
1655
1658
1666
1669
1673
1676
1691
1697
1704
1714
1731
1734
1752
1768
1781
1791
1803
1807
1812
1817
1818
1831
1835
1841
1850
1854
1865
1880
1885
1889
1895
1913
1918
1926
1933
1935
1939
1952
1966
1969
1971
1994
1997
2002
2012
2018
2032
2052
2072
2079
2100
2114
2119
2137
2145
2147
2153
2157
2176
2192
2199
2202
2209
2229
2233
2251
2256
2261
2267
2272
2276
2290
2310
2333
2338
2344
2366
2371
2394
2398
2406
2412
2423
2431
2443
2463
2479
2483
2487
2509
2532
2536
2553
2559
2572
2577
2583
2596
2604
2627
2637
2647
2653
2660
2665
2673
2675
2690
2708
2719
2729
2730
2746
2749
2778
2784
2790
2808
2816
2820
2827
2832
2861
2865
2870
2891
2902
2914
2919
2924
2925
2944
2953
2960
2988
2995
3025
3041
3054
3059
3087
3111
3138
3145
3151
3155
3159
3179
3190
3204
3211
3232
3246
3251
3258
3266
3272
3286
3293
3301
3316
3321
3339
3346
3355
3358
3374
3385
3390
3403
3419
3428
3430
3453
3467
3479
3491
3508
3512
3517
3530
3546
3550
3567
3581
3595
3602
3626
3633
3650
3663
3669
3683
3695
3724
3729
3737
3739
3747
3756
3760
3776
3784
3790
3809
3812
3815
3831
3833
3847
3861
3864
3873
3874
3891
3894
3907
3918
3926
3955
3972
3987
3998
4007
4018
4024
4038
4052
4053
4059
4064
4080
4083
4088
4099
4108
4120
4134
4154
4169
4183
4187
4208
4229
4239
4246
4248
4252
4256
4263
4274
4287
4295
4306
4309
4324
4331
4341
4357
4361
4388
4391
4408
4437
4444
4455
4461
4464
4473
4479
4484
4488
4491
4503
4514
4526
4534
4549
4555
4572
4580
4582
4602
4609
4620
4622
4629
4640
4651
4663
4669
4679
4684
4692
4699
4708
4724
4728
4732
4741
4752
4768
4777
4799
4814
4832
4841
4858
4863
4870
4878
4889
4892
4917
4931
4935
4941
4945
4975
4981
4991
4999
5017
5019
5037
5051
5063
5066
5069
5079
5084
5102
5113
5120
5124
5131
5142
5147
5163
5174
5178
5185
5192
5206
5209
5215
5223
5243
5259
5264
5284
5286
5296
5300
5306
5317
5343
5347
5357
5364
5377
5381
5391
5393
5397
5402
5405
5424
5427
5443
5456
5470
5482
5498
5505
5517
5526
5539
5549
5565
5572
5578
5587
5616
5621
5633
5640
5658
5664
5679
5688
5718
5722
5727
5741
5761
5763
5786
5792
5798
5822
5835
5842
5848
5869
5883
5891
5893
5920
5928
5934
5944
5955
5959
5974
5981
5983
5988
6015
6017
6021
6041
6046
6059
6077
6085
6087
6093
6106
6118
6119
6123
6133
6137
6154
6158
6160
6168
6175
6188
6195
6205
6214
6227
6232
6245
6273
6291
6292
6315
6324
6333
6338
6340
6349
6361
6366
6372
6378
6387
6401
6412
6414
6424
6442
6449
6459
6468
6472
6481
6489
6494
6504
6516
6529
6546
6549
6558
6571
6576
6582
6588
6599
6606
6618
6641
6644
6649
6658
6671
6681
6689
6695
6699
6703
6709
6723
6736
6744
6748
6751
6755
6765
6770
6772
6777
6782
6795
6800
6824
6832
6840
6854
6869
6884
6901
6903
6909
6921
6941
6956
6971
6977
6987
6992
7022
7046
7061
7070
7071
7078
7094
7097
7115
7127
7137
7148
7155
7157
7170
7183
7196
7198
7208
7217
7227
7243
7248
7256
7264
7274
7277
7284
7290
7293
7296
7311
7319
7331
7337
7343
7346
7358
7360
7365
7367
7381
7385
7396
7404
7408
7417
7438
7445
7458
7466
7477
7482
7485
7499
7502
7525
7544
7557
7574
7577
7585
7606
7611
7618
7622
7626
7631
7646
7657
7659
7665
7668
7670
7675
7691
7703
7727
7733
7751
7759
7773
7784
7803
7804
7812
7828
7838
7848
7851
7867
7869
7874
7889
7901
7909
7912
7915
7921
7928
7941
7942
7948
7955
7975
7982
7991
8000
8010
8019
8031
8036
8039
8056
8067
8080
8084
8090
8095
8107
8110
8116
8118
8122
8135
8150
8158
8164
8166
8184
8192
8194
8211
8217
8222
8225
8238
8246
8251
8258
8262
8266
8282
8286
8293
8297
8301
8327
8332
8349
8355
8361
8369
8389
8399
8414
8416
8428
8449
8451
8453
8457
8474
8480
8483
8501
8503
8519
8534
8537
8545
8549
8567
8586
8592
8600
8603
8611
8622
8628
8639
8650
8662
8672
